name: camera1_params
camMatrix: [[5813.48508684566,0.0,2560.092268747669],[0.0,5857.787526106612,1928.738413521021],[0.0,0.0,1.0]]
distCoeff: [-0.0862,0.3082,0.0,0.0,0.0]
M: [[0.000967631881740,   0.000055185606585,  -0.000012455656712], [0.000040140475211,  -0.000951159589473,   0.000061438663061], [-0.000040093679835,  -0.000038885354866,  -0.000917581942788], [0.308159215969854,  -2.223997104270344,   3.325619455148495]]
R: [[-0.003750349910677,  -0.998591658622531,  -0.052921018556427],[ 0.045711058508520,   0.052694877957469,  -0.997563907209497],[0.998947663296520,  -0.006160289485861,   0.045449057502574]]

